0,560
248,35
10,277
10,35
10,71
10,115
10,209
10,107
10,265
245,5
10,223
10,2
10,3
245,4
245,3
245,2
245,1
245,0
242,4
242,3
11,6
242,2
11,2
242,1
242,0
224,5
224,4
224,3
224,2
224,1
224,0
221,4
221,3
9,7
9,2
221,2
9,3
221,1
221,0
219,4
219,3
219,2
219,1
219,0
217,4
217,3
8,17
8,14
8,4
8,7
8,15
217,2
217,1
217,0
216,5
216,4
216,3
216,2
216,1
216,0
212,3
212,2
212,1
212,0
211,6
211,5
211,4
211,3
211,2
211,1
211,0
205,3
205,2
205,1
205,0
203,3
203,2
203,1
203,0
202,3
202,2
202,1
202,0
20,3
20,2
20,1
19,3
19,2
19,1
12,3
12,2
12,1
11,30
11,29
11,28
11,27
11,26
11,25
11,24
11,23
11,22
11,21
11,20
11,19
11,18
11,17
11,14
11,11
11,7
11,1
11,5
11,3
10,311
10,259
10,207
10,185
10,169
10,101
10,1
